2.491407258276012726e-07
5.783730898656358477e-07
3.424574970267713070e-05
7.723867893218994141e-03
9.797905704544973560e-07
9.752188390166338650e-09
2.619111455715028569e-06
4.616842375071428251e-07
1.790124588296748698e-05
3.085325943175121211e-06
2.791514816635753959e-06
3.727890089066931978e-06
3.699024020420438319e-08
3.130823600372423243e-08
6.122613740444649011e-07
9.887854446333221858e-08
3.163997064348222921e-08
5.994796765662613325e-07
1.169574872506018437e-07
4.977148693185995398e-10
5.125723803733883699e-11
1.550841399744484761e-10
3.018641933638654962e-11
2.289138878452945391e-09
4.200013947741609854e-10
1.107075653372646684e-09
1.238022684368900173e-09
1.343133160247589331e-09
3.387376921182294609e-07
2.613528522488195449e-07
1.941971383701002196e-08
1.600478603813737521e-11
