9.999319428022346301e-11
1.925717918460634337e-10
1.938697813397283198e-10
5.232078659211936156e-10
1.744082034349503374e-08
5.882014875169261359e-09
5.015852622136662831e-09
4.120000340890328516e-08
6.959214093882337693e-09
2.299005874561999008e-09
2.688927969174415011e-09
1.839960739324908445e-09
1.597177612389089063e-09
1.501233914957822435e-09
5.025045268780559127e-09
2.063836657129058949e-09
1.668224558493136556e-09
4.912630302555953676e-09
1.214901734769568975e-09
5.047222084719749091e-10
3.295699935179641216e-09
2.552759559293349412e-09
6.037209066001025803e-10
8.587349720201586933e-10
3.117688329723478091e-09
3.667310899402309587e-09
1.231834856341151863e-09
1.510421787642712843e-09
1.740685640072570095e-08
7.736366001154237892e-07
4.136699427448320421e-09
9.417710361558917498e-11
