6.555662751197814941e-01
1.793322265148162842e-01
3.462222218513488770e-01
8.646421432495117188e-01
3.206811845302581787e-01
4.303809702396392822e-01
7.981682419776916504e-01
9.989294409751892090e-01
9.999926686286926270e-01
9.997494220733642578e-01
9.994247555732727051e-01
5.022410750389099121e-01
3.127577900886535645e-01
7.282370328903198242e-01
9.825081825256347656e-01
9.999992251396179199e-01
9.999995231628417969e-01
9.999997615814208984e-01
9.999986886978149414e-01
9.999523162841796875e-01
7.838320136070251465e-01
8.549183607101440430e-01
6.585475206375122070e-01
1.603245735168457031e-03
5.187961459159851074e-02
7.200952768325805664e-01
9.999104738235473633e-01
9.999938011169433594e-01
9.995157718658447266e-01
1.480466723442077637e-01
1.016378402709960938e-03
1.396438479423522949e-02
