2.601129381218925118e-06
5.406661784945754334e-07
2.834708254795259563e-07
8.403821993852034211e-08
5.688350057653224212e-08
5.688350057653224212e-08
1.307171793030192930e-08
1.060817478304443284e-08
4.447097357029861087e-09
6.101681382375545581e-09
6.101681382375545581e-09
3.958636085599209764e-09
5.699881011622665028e-09
6.369483429580213851e-08
3.355451553943566978e-06
3.355451553943566978e-06
3.874710728268837556e-06
5.737800165661610663e-06
1.616390818526269868e-06
7.942345519040827639e-07
3.931444553018081933e-06
3.843342346954159439e-05
3.843342346954159439e-05
3.008095700351987034e-05
3.973258571932092309e-05
2.564191818237304688e-04
2.127587795257568359e-03
2.127587795257568359e-03
1.538693904876708984e-04
2.305542511749081314e-05
6.869366188766434789e-05
3.176629543304443359e-04
