9.664478898048400879e-02
9.663373231887817383e-02
9.662291407585144043e-02
9.661599993705749512e-02
9.661146998405456543e-02
9.661146998405456543e-02
9.661516547203063965e-02
9.662133455276489258e-02
9.662172198295593262e-02
9.662359952926635742e-02
9.662359952926635742e-02
9.661892056465148926e-02
9.661626815795898438e-02
9.661069512367248535e-02
9.660732746124267578e-02
9.660732746124267578e-02
9.660369157791137695e-02
9.660127758979797363e-02
9.660658240318298340e-02
9.661427140235900879e-02
9.661069512367248535e-02
9.660956263542175293e-02
9.660956263542175293e-02
9.661069512367248535e-02
9.661507606506347656e-02
9.661191701889038086e-02
9.661170840263366699e-02
9.661170840263366699e-02
9.661200642585754395e-02
9.661346673965454102e-02
9.661301970481872559e-02
9.661403298377990723e-02
