9.656816720962524414e-02
9.656524658203125000e-02
9.659418463706970215e-02
9.661811590194702148e-02
9.665313363075256348e-02
9.663531184196472168e-02
9.662607312202453613e-02
9.664663672447204590e-02
9.662342071533203125e-02
9.662413597106933594e-02
9.661695361137390137e-02
9.661313891410827637e-02
9.660276770591735840e-02
9.659710526466369629e-02
9.660279750823974609e-02
9.660369157791137695e-02
9.657508134841918945e-02
9.661245346069335938e-02
9.663584828376770020e-02
9.657362103462219238e-02
9.659999608993530273e-02
9.661677479743957520e-02
9.659650921821594238e-02
9.662064909934997559e-02
9.661284089088439941e-02
9.660050272941589355e-02
9.660112857818603516e-02
9.660491347312927246e-02
9.661149978637695312e-02
9.661254286766052246e-02
9.660872817039489746e-02
9.659126400947570801e-02
