9.658035635948181152e-02
9.658032655715942383e-02
9.658122062683105469e-02
9.657865762710571289e-02
9.657391905784606934e-02
9.657102823257446289e-02
9.656581282615661621e-02
9.657290577888488770e-02
9.657788276672363281e-02
9.657379984855651855e-02
9.657368063926696777e-02
9.657317399978637695e-02
9.657409787178039551e-02
9.658026695251464844e-02
9.658852219581604004e-02
9.658220410346984863e-02
9.657689929008483887e-02
9.657409787178039551e-02
9.657394886016845703e-02
9.657272696495056152e-02
9.657657146453857422e-02
9.657973051071166992e-02
9.658047556877136230e-02
9.658536314964294434e-02
9.658288955688476562e-02
9.658047556877136230e-02
9.658047556877136230e-02
9.658205509185791016e-02
9.658467769622802734e-02
9.657835960388183594e-02
9.657669067382812500e-02
9.658008813858032227e-02
