9.661898016929626465e-02
9.661567211151123047e-02
9.661200642585754395e-02
9.660872817039489746e-02
9.660947322845458984e-02
9.660863876342773438e-02
9.661182761192321777e-02
9.661567211151123047e-02
9.661957621574401855e-02
9.661516547203063965e-02
9.661403298377990723e-02
9.660997986793518066e-02
9.661662578582763672e-02
9.661868214607238770e-02
9.662231802940368652e-02
9.659710526466369629e-02
9.658980369567871094e-02
9.658610820770263672e-02
9.660178422927856445e-02
9.660014510154724121e-02
9.660252928733825684e-02
9.660506248474121094e-02
9.660330414772033691e-02
9.660255908966064453e-02
9.661030769348144531e-02
9.660241007804870605e-02
9.658667445182800293e-02
9.661260247230529785e-02
9.662249684333801270e-02
9.659588336944580078e-02
9.659340977668762207e-02
9.659364819526672363e-02
